File ADT# Time#1   Time#2   Time#3   Ignore
File1 1   0.11     0.11     0.109     0      
File2 1   57.297     57.273     57.276     0      
File3 1   0.082     0.083     0.083     0      
File4 1   32.902     32.916     32.883     0      
File1 2   0.095     0.084     0.084     0      
File2 2   301.988     301.744     301.96     0      
File3 2   0.11     0.102     0.101     0      
File4 2   150.145     154.632     154.639     0      
File1 3   0.076     0.073     0.073     0      
File2 3   0.074     0.069     0.07     0      
File3 3   0.071     0.067     0.069     0      
File4 3   0.074     0.071     0.071     0      
File1 4   0.098     0.095     0.094     0      
File2 4   0.08     0.079     0.078     0      
File3 4   0.083     0.08     0.079     0      
File4 4   0.086     0.082     0.082     0      
File1 5   0.08     0.075     0.076     0      
File2 5   0.077     0.072     0.071     0      
File3 5   0.074     0.072     0.071     0      
File4 5   0.077     0.074     0.075     0      
File1 6   0.326     0.329     0.323     0      
File2 6   0.232     0.236     0.24     0      
File3 6   0.271     0.267     0.276     0      
File4 6   0.419     0.437     0.445     0      
