40
0 3 29 89 25 62 28 65 
1 3 15 28 12 80 19 94 
2 5 24 74 17 31 12 73 19 16 21 11 
3 5 26 64 23 87 12 3 11 97 22 78 
4 3 27 58 18 7 10 66 
5 3 20 76 14 46 29 67 
6 3 16 10 13 49 15 87 
7 3 13 22 26 57 27 69 
8 5 20 18 13 11 15 50 12 58 27 5 
9 4 23 50 14 100 12 4 10 38 
10 5 37 24 35 61 36 82 39 66 31 56 
11 4 38 99 32 47 31 84 37 86 
12 3 34 90 30 55 35 7 
13 5 33 32 38 92 30 68 32 93 39 17 
14 3 39 85 31 100 35 40 
15 5 31 15 33 41 34 97 38 29 39 17 
16 3 33 48 31 45 39 9 
17 3 34 1 35 79 39 20 
18 3 30 66 31 58 36 8 
19 5 30 74 36 70 31 86 39 58 38 5 
20 3 31 49 36 2 39 41 
21 5 34 72 32 27 33 44 35 13 39 26 
22 3 31 99 33 9 39 67 
23 3 38 24 33 23 32 87 
24 5 39 88 32 52 31 50 34 96 35 100 
25 5 38 65 32 90 39 86 33 40 30 2 
26 3 36 47 39 52 31 53 
27 3 37 28 35 65 31 47 
28 3 30 22 35 98 36 19 
29 3 38 56 30 18 37 52 
30 5 25 50 26 97 0 11 20 18 9 76 
31 3 30 75 3 34 7 49 
32 3 39 4 38 56 13 56 
33 4 20 6 3 50 8 32 14 10 
34 3 11 50 31 24 18 93 
35 4 3 4 37 47 8 25 26 19 
36 4 2 17 30 76 23 37 28 81 
37 5 9 89 34 5 17 17 27 99 7 23 
38 5 32 74 12 16 30 71 15 27 37 74 
39 4 31 43 12 99 17 9 26 99 
