find minimum at block 12 with dv 3
0 1 0 0
1 1 0 0
2 1 0 0
3 1 0 0
4 1 0 0
5 1 0 0
6 1 0 0
7 1 0 0
8 1 0 0
9 1 0 0
10 0 38 9
11 0 97 3
12 1 3 3
13 0 11 8
14 0 46 5
15 0 28 1
16 0 10 6
17 0 31 2
18 0 7 4
19 0 16 2
20 0 18 8
21 0 11 2
22 0 78 3
23 0 50 9
24 0 74 2
25 0 62 0
26 0 57 7
27 0 5 8
28 0 65 0
29 0 67 5
30 0 58 12
31 0 999999999 -1
32 0 999999999 -1
33 0 999999999 -1
34 0 93 12
35 0 10 12
36 0 999999999 -1
37 0 999999999 -1
38 0 999999999 -1
39 0 999999999 -1
40 5 540422944 27
41 11 18 21
42 10 35 16
43 11 20 13
44 58 19 27
45 28 14 15
46 22 13 13
47 38 26 10
48 78 30 22
49 66 12 10
50 76 12 20
51 31 29 17
52 65 19 28
53 57 23 26
54 50 24 23
55 93 11 34
56 62 29 25
57 0 0 0
58 0 0 0
59 0 0 0
60 0 0 0
61 0 0 0
62 0 0 0
63 0 0 0
64 0 0 0
65 0 0 0
66 0 0 0
67 0 0 0
68 0 0 0
69 0 0 0
70 0 0 0
71 0 0 0
72 0 0 0
73 0 0 0
74 0 0 0
75 0 0 0
76 0 0 0
77 0 0 0
78 0 0 0
79 0 0 0
80 0 0 0
81 0 0 0
82 0 0 0
83 0 0 0
84 0 0 0
85 0 0 0
86 0 0 0
87 0 0 0
88 0 0 0
89 0 0 0
90 0 0 0
91 0 0 0
92 0 0 0
93 0 0 0
94 0 0 0
95 0 0 0
96 0 0 0
97 0 0 0
98 0 0 0
99 0 0 0
find minimum at block 27 with dv 5
0 1 0 0
1 1 0 0
2 1 0 0
3 1 0 0
4 1 0 0
5 1 0 0
6 1 0 0
7 1 0 0
8 1 0 0
9 1 0 0
10 0 38 9
11 0 97 3
12 1 3 3
13 0 11 8
14 0 46 5
15 0 28 1
16 0 10 6
17 0 31 2
18 0 7 4
19 0 16 2
20 0 18 8
21 0 11 2
22 0 78 3
23 0 50 9
24 0 74 2
25 0 62 0
26 0 57 7
27 1 5 8
28 0 65 0
29 0 67 5
30 0 58 12
31 0 52 27
32 0 999999999 -1
33 0 999999999 -1
34 0 93 12
35 0 10 12
36 0 999999999 -1
37 0 33 27
38 0 999999999 -1
39 0 999999999 -1
40 7 540422944 18
41 11 16 21
42 28 35 15
43 11 20 13
44 58 19 27
45 31 14 17
46 22 13 13
47 38 26 10
48 52 37 31
49 66 12 10
50 76 12 20
51 62 29 25
52 65 19 28
53 57 23 26
54 50 24 23
55 93 11 34
56 58 29 30
57 0 22 0
58 0 0 0
59 0 0 0
60 0 0 0
61 0 0 0
62 0 0 0
63 0 0 0
64 0 0 0
65 0 0 0
66 0 0 0
67 0 0 0
68 0 0 0
69 0 0 0
70 0 0 0
71 0 0 0
72 0 0 0
73 0 0 0
74 0 0 0
75 0 0 0
76 0 0 0
77 0 0 0
78 0 0 0
79 0 0 0
80 0 0 0
81 0 0 0
82 0 0 0
83 0 0 0
84 0 0 0
85 0 0 0
86 0 0 0
87 0 0 0
88 0 0 0
89 0 0 0
90 0 0 0
91 0 0 0
92 0 0 0
93 0 0 0
94 0 0 0
95 0 0 0
96 0 0 0
97 0 0 0
98 0 0 0
99 0 0 0
find minimum at block 18 with dv 7
0 1 0 0
1 1 0 0
2 1 0 0
3 1 0 0
4 1 0 0
5 1 0 0
6 1 0 0
7 1 0 0
8 1 0 0
9 1 0 0
10 0 38 9
11 0 97 3
12 1 3 3
13 0 11 8
14 0 46 5
15 0 28 1
16 0 10 6
17 0 31 2
18 1 7 4
19 0 16 2
20 0 18 8
21 0 11 2
22 0 78 3
23 0 50 9
24 0 74 2
25 0 62 0
26 0 57 7
27 1 5 8
28 0 65 0
29 0 67 5
30 0 58 12
31 0 52 27
32 0 999999999 -1
33 0 999999999 -1
34 0 93 12
35 0 10 12
36 0 15 18
37 0 33 27
38 0 999999999 -1
39 0 999999999 -1
40 10 540422944 16
41 11 35 21
42 28 36 15
43 11 20 13
44 58 19 27
45 31 14 17
46 22 13 13
47 38 26 10
48 33 30 37
49 66 12 10
50 76 12 20
51 62 29 25
52 65 19 28
53 57 23 26
54 50 24 23
55 93 11 34
56 78 29 22
57 0 31 0
58 0 0 0
59 0 0 0
60 0 0 0
61 0 0 0
62 0 0 0
63 0 0 0
64 0 0 0
65 0 0 0
66 0 0 0
67 0 0 0
68 0 0 0
69 0 0 0
70 0 0 0
71 0 0 0
72 0 0 0
73 0 0 0
74 0 0 0
75 0 0 0
76 0 0 0
77 0 0 0
78 0 0 0
79 0 0 0
80 0 0 0
81 0 0 0
82 0 0 0
83 0 0 0
84 0 0 0
85 0 0 0
86 0 0 0
87 0 0 0
88 0 0 0
89 0 0 0
90 0 0 0
91 0 0 0
92 0 0 0
93 0 0 0
94 0 0 0
95 0 0 0
96 0 0 0
97 0 0 0
98 0 0 0
99 0 0 0
find minimum at block 16 with dv 10
0 1 0 0
1 1 0 0
2 1 0 0
3 1 0 0
4 1 0 0
5 1 0 0
6 1 0 0
7 1 0 0
8 1 0 0
9 1 0 0
10 0 38 9
11 0 97 3
12 1 3 3
13 0 11 8
14 0 46 5
15 0 28 1
16 1 10 6
17 0 31 2
18 1 7 4
19 0 16 2
20 0 18 8
21 0 11 2
22 0 78 3
23 0 50 9
24 0 74 2
25 0 62 0
26 0 57 7
27 1 5 8
28 0 65 0
29 0 67 5
30 0 58 12
31 0 52 27
32 0 999999999 -1
33 0 58 16
34 0 93 12
35 0 10 12
36 0 15 18
37 0 33 27
38 0 999999999 -1
39 0 19 16
40 10 540422944 35
41 11 36 21
42 28 19 15
43 11 20 13
44 58 39 27
45 31 14 17
46 22 13 13
47 38 26 10
48 33 30 37
49 66 12 10
50 76 12 20
51 62 29 25
52 65 19 28
53 57 23 26
54 50 24 23
55 93 11 34
56 78 29 22
57 52 33 31
58 0 0 0
59 0 0 0
60 0 0 0
61 0 0 0
62 0 0 0
63 0 0 0
64 0 0 0
65 0 0 0
66 0 0 0
67 0 0 0
68 0 0 0
69 0 0 0
70 0 0 0
71 0 0 0
72 0 0 0
73 0 0 0
74 0 0 0
75 0 0 0
76 0 0 0
77 0 0 0
78 0 0 0
79 0 0 0
80 0 0 0
81 0 0 0
82 0 0 0
83 0 0 0
84 0 0 0
85 0 0 0
86 0 0 0
87 0 0 0
88 0 0 0
89 0 0 0
90 0 0 0
91 0 0 0
92 0 0 0
93 0 0 0
94 0 0 0
95 0 0 0
96 0 0 0
97 0 0 0
98 0 0 0
99 0 0 0
find minimum at block 35 with dv 10
0 1 0 0
1 1 0 0
2 1 0 0
3 1 0 0
4 1 0 0
5 1 0 0
6 1 0 0
7 1 0 0
8 1 0 0
9 1 0 0
10 0 38 9
11 0 97 3
12 1 3 3
13 0 11 8
14 0 46 5
15 0 28 1
16 1 10 6
17 0 31 2
18 1 7 4
19 0 16 2
20 0 18 8
21 0 11 2
22 0 78 3
23 0 50 9
24 0 74 2
25 0 62 0
26 0 29 35
27 1 5 8
28 0 65 0
29 0 67 5
30 0 58 12
31 0 52 27
32 0 999999999 -1
33 0 58 16
34 0 93 12
35 1 10 12
36 0 15 18
37 0 33 27
38 0 999999999 -1
39 0 19 16
40 11 540422944 21
41 11 36 13
42 28 19 15
43 38 20 10
44 58 39 27
45 31 14 17
46 22 13 13
47 93 26 34
48 29 30 26
49 66 12 10
50 76 12 20
51 62 29 25
52 65 19 28
53 57 23 26
54 50 24 23
55 52 11 31
56 78 29 22
57 33 33 37
58 0 0 0
59 0 0 0
60 0 0 0
61 0 0 0
62 0 0 0
63 0 0 0
64 0 0 0
65 0 0 0
66 0 0 0
67 0 0 0
68 0 0 0
69 0 0 0
70 0 0 0
71 0 0 0
72 0 0 0
73 0 0 0
74 0 0 0
75 0 0 0
76 0 0 0
77 0 0 0
78 0 0 0
79 0 0 0
80 0 0 0
81 0 0 0
82 0 0 0
83 0 0 0
84 0 0 0
85 0 0 0
86 0 0 0
87 0 0 0
88 0 0 0
89 0 0 0
90 0 0 0
91 0 0 0
92 0 0 0
93 0 0 0
94 0 0 0
95 0 0 0
96 0 0 0
97 0 0 0
98 0 0 0
99 0 0 0
find minimum at block 21 with dv 11
0 1 0 0
1 1 0 0
2 1 0 0
3 1 0 0
4 1 0 0
5 1 0 0
6 1 0 0
7 1 0 0
8 1 0 0
9 1 0 0
10 0 38 9
11 0 97 3
12 1 3 3
13 0 11 8
14 0 46 5
15 0 28 1
16 1 10 6
17 0 31 2
18 1 7 4
19 0 16 2
20 0 18 8
21 1 11 2
22 0 78 3
23 0 50 9
24 0 74 2
25 0 62 0
26 0 29 35
27 1 5 8
28 0 65 0
29 0 67 5
30 0 58 12
31 0 52 27
32 0 38 21
33 0 55 21
34 0 83 21
35 1 10 12
36 0 15 18
37 0 33 27
38 0 999999999 -1
39 0 19 16
40 11 540422944 13
41 18 36 20
42 28 19 15
43 38 13 10
44 38 39 32
45 31 14 17
46 57 13 26
47 93 26 34
48 29 30 26
49 66 33 10
50 76 12 20
51 62 29 25
52 65 19 28
53 33 23 37
54 50 24 23
55 52 11 31
56 78 29 22
57 83 33 34
58 58 12 27
59 0 0 0
60 0 0 0
61 0 0 0
62 0 0 0
63 0 0 0
64 0 0 0
65 0 0 0
66 0 0 0
67 0 0 0
68 0 0 0
69 0 0 0
70 0 0 0
71 0 0 0
72 0 0 0
73 0 0 0
74 0 0 0
75 0 0 0
76 0 0 0
77 0 0 0
78 0 0 0
79 0 0 0
80 0 0 0
81 0 0 0
82 0 0 0
83 0 0 0
84 0 0 0
85 0 0 0
86 0 0 0
87 0 0 0
88 0 0 0
89 0 0 0
90 0 0 0
91 0 0 0
92 0 0 0
93 0 0 0
94 0 0 0
95 0 0 0
96 0 0 0
97 0 0 0
98 0 0 0
99 0 0 0
find minimum at block 13 with dv 11
0 1 0 0
1 1 0 0
2 1 0 0
3 1 0 0
4 1 0 0
5 1 0 0
6 1 0 0
7 1 0 0
8 1 0 0
9 1 0 0
10 0 38 9
11 0 97 3
12 1 3 3
13 1 11 8
14 0 46 5
15 0 28 1
16 1 10 6
17 0 31 2
18 1 7 4
19 0 16 2
20 0 18 8
21 1 11 2
22 0 78 3
23 0 50 9
24 0 74 2
25 0 62 0
26 0 29 35
27 1 5 8
28 0 65 0
29 0 67 5
30 0 58 12
31 0 52 27
32 0 38 21
33 0 43 13
34 0 83 21
35 1 10 12
36 0 15 18
37 0 33 27
38 0 103 13
39 0 19 16
40 15 540422944 36
41 18 19 20
42 28 39 15
43 38 13 10
44 38 26 32
45 31 14 17
46 57 13 26
47 93 26 34
48 58 30 33
49 66 33 10
50 76 12 20
51 62 29 25
52 65 19 28
53 33 23 37
54 50 24 23
55 52 11 31
56 78 29 22
57 83 27 34
58 55 12 33
59 0 38 0
60 0 0 0
61 0 0 0
62 0 0 0
63 0 0 0
64 0 0 0
65 0 0 0
66 0 0 0
67 0 0 0
68 0 0 0
69 0 0 0
70 0 0 0
71 0 0 0
72 0 0 0
73 0 0 0
74 0 0 0
75 0 0 0
76 0 0 0
77 0 0 0
78 0 0 0
79 0 0 0
80 0 0 0
81 0 0 0
82 0 0 0
83 0 0 0
84 0 0 0
85 0 0 0
86 0 0 0
87 0 0 0
88 0 0 0
89 0 0 0
90 0 0 0
91 0 0 0
92 0 0 0
93 0 0 0
94 0 0 0
95 0 0 0
96 0 0 0
97 0 0 0
98 0 0 0
99 0 0 0
find minimum at block 36 with dv 15
0 1 0 0
1 1 0 0
2 1 0 0
3 1 0 0
4 1 0 0
5 1 0 0
6 1 0 0
7 1 0 0
8 1 0 0
9 1 0 0
10 0 38 9
11 0 97 3
12 1 3 3
13 1 11 8
14 0 46 5
15 0 28 1
16 1 10 6
17 0 31 2
18 1 7 4
19 0 16 2
20 0 18 8
21 1 11 2
22 0 78 3
23 0 50 9
24 0 74 2
25 0 62 0
26 0 29 35
27 1 5 8
28 0 65 0
29 0 67 5
30 0 58 12
31 0 52 27
32 0 38 21
33 0 43 13
34 0 83 21
35 1 10 12
36 1 15 18
37 0 33 27
38 0 103 13
39 0 19 16
40 16 540422944 19
41 18 39 20
42 28 26 15
43 38 13 10
44 38 33 32
45 31 14 17
46 57 13 26
47 93 26 34
48 58 30 27
49 66 33 10
50 76 12 20
51 62 29 25
52 65 19 28
53 33 23 37
54 50 24 23
55 52 11 31
56 78 29 22
57 83 38 34
58 55 12 33
59 0 38 0
60 0 0 0
61 0 0 0
62 0 0 0
63 0 0 0
64 0 0 0
65 0 0 0
66 0 0 0
67 0 0 0
68 0 0 0
69 0 0 0
70 0 0 0
71 0 0 0
72 0 0 0
73 0 0 0
74 0 0 0
75 0 0 0
76 0 0 0
77 0 0 0
78 0 0 0
79 0 0 0
80 0 0 0
81 0 0 0
82 0 0 0
83 0 0 0
84 0 0 0
85 0 0 0
86 0 0 0
87 0 0 0
88 0 0 0
89 0 0 0
90 0 0 0
91 0 0 0
92 0 0 0
93 0 0 0
94 0 0 0
95 0 0 0
96 0 0 0
97 0 0 0
98 0 0 0
99 0 0 0
find minimum at block 19 with dv 16
0 1 0 0
1 1 0 0
2 1 0 0
3 1 0 0
4 1 0 0
5 1 0 0
6 1 0 0
7 1 0 0
8 1 0 0
9 1 0 0
10 0 38 9
11 0 97 3
12 1 3 3
13 1 11 8
14 0 46 5
15 0 28 1
16 1 10 6
17 0 31 2
18 1 7 4
19 1 16 2
20 0 18 8
21 1 11 2
22 0 78 3
23 0 50 9
24 0 74 2
25 0 62 0
26 0 29 35
27 1 5 8
28 0 65 0
29 0 67 5
30 0 58 12
31 0 52 27
32 0 38 21
33 0 43 13
34 0 83 21
35 1 10 12
36 1 15 18
37 0 33 27
38 0 21 19
39 0 19 16
40 18 540422944 20
41 22 39 13
42 28 38 15
43 38 13 10
44 29 33 26
45 31 14 17
46 57 28 26
47 93 26 34
48 58 30 27
49 66 32 10
50 76 12 20
51 62 29 25
52 55 19 33
53 33 23 37
54 50 24 23
55 52 11 31
56 78 29 22
57 83 38 34
58 43 12 33
59 0 38 0
60 0 0 0
61 0 0 0
62 0 0 0
63 0 0 0
64 0 0 0
65 0 0 0
66 0 0 0
67 0 0 0
68 0 0 0
69 0 0 0
70 0 0 0
71 0 0 0
72 0 0 0
73 0 0 0
74 0 0 0
75 0 0 0
76 0 0 0
77 0 0 0
78 0 0 0
79 0 0 0
80 0 0 0
81 0 0 0
82 0 0 0
83 0 0 0
84 0 0 0
85 0 0 0
86 0 0 0
87 0 0 0
88 0 0 0
89 0 0 0
90 0 0 0
91 0 0 0
92 0 0 0
93 0 0 0
94 0 0 0
95 0 0 0
96 0 0 0
97 0 0 0
98 0 0 0
99 0 0 0
find minimum at block 20 with dv 18
0 1 0 0
1 1 0 0
2 1 0 0
3 1 0 0
4 1 0 0
5 1 0 0
6 1 0 0
7 1 0 0
8 1 0 0
9 1 0 0
10 0 38 9
11 0 97 3
12 1 3 3
13 1 11 8
14 0 46 5
15 0 28 1
16 1 10 6
17 0 31 2
18 1 7 4
19 1 16 2
20 1 18 8
21 1 11 2
22 0 78 3
23 0 50 9
24 0 74 2
25 0 62 0
26 0 29 35
27 1 5 8
28 0 65 0
29 0 67 5
30 0 58 12
31 0 52 27
32 0 38 21
33 0 43 13
34 0 83 21
35 1 10 12
36 1 15 18
37 0 33 27
38 0 21 19
39 0 19 16
40 19 540422944 39
41 22 38 13
42 28 26 15
43 38 13 10
44 38 33 32
45 31 14 17
46 57 28 26
47 93 26 34
48 58 30 27
49 66 33 10
50 76 12 20
51 62 29 25
52 55 19 33
53 33 23 37
54 50 24 23
55 52 11 31
56 78 29 22
57 83 38 34
58 43 12 33
59 0 38 0
60 0 0 0
61 0 0 0
62 0 0 0
63 0 0 0
64 0 0 0
65 0 0 0
66 0 0 0
67 0 0 0
68 0 0 0
69 0 0 0
70 0 0 0
71 0 0 0
72 0 0 0
73 0 0 0
74 0 0 0
75 0 0 0
76 0 0 0
77 0 0 0
78 0 0 0
79 0 0 0
80 0 0 0
81 0 0 0
82 0 0 0
83 0 0 0
84 0 0 0
85 0 0 0
86 0 0 0
87 0 0 0
88 0 0 0
89 0 0 0
90 0 0 0
91 0 0 0
92 0 0 0
93 0 0 0
94 0 0 0
95 0 0 0
96 0 0 0
97 0 0 0
98 0 0 0
99 0 0 0
find minimum at block 39 with dv 19
0 1 0 0
1 1 0 0
2 1 0 0
3 1 0 0
4 1 0 0
5 1 0 0
6 1 0 0
7 1 0 0
8 1 0 0
9 1 0 0
10 0 38 9
11 0 97 3
12 1 3 3
13 1 11 8
14 0 46 5
15 0 28 1
16 1 10 6
17 0 28 39
18 1 7 4
19 1 16 2
20 1 18 8
21 1 11 2
22 0 78 3
23 0 50 9
24 0 74 2
25 0 62 0
26 0 29 35
27 1 5 8
28 0 65 0
29 0 67 5
30 0 58 12
31 0 52 27
32 0 38 21
33 0 43 13
34 0 83 21
35 1 10 12
36 1 15 18
37 0 33 27
38 0 21 19
39 1 19 16
40 21 540422944 38
41 22 15 13
42 31 17 17
43 38 13 10
44 29 33 26
45 62 14 25
46 57 28 26
47 93 26 34
48 58 30 27
49 66 32 10
50 76 12 20
51 73 29 12
52 55 19 33
53 33 23 37
54 50 24 23
55 52 11 31
56 78 29 22
57 83 38 34
58 43 33 33
59 0 38 0
60 0 0 0
61 0 0 0
62 0 0 0
63 0 0 0
64 0 0 0
65 0 0 0
66 0 0 0
67 0 0 0
68 0 0 0
69 0 0 0
70 0 0 0
71 0 0 0
72 0 0 0
73 0 0 0
74 0 0 0
75 0 0 0
76 0 0 0
77 0 0 0
78 0 0 0
79 0 0 0
80 0 0 0
81 0 0 0
82 0 0 0
83 0 0 0
84 0 0 0
85 0 0 0
86 0 0 0
87 0 0 0
88 0 0 0
89 0 0 0
90 0 0 0
91 0 0 0
92 0 0 0
93 0 0 0
94 0 0 0
95 0 0 0
96 0 0 0
97 0 0 0
98 0 0 0
99 0 0 0
find minimum at block 38 with dv 21
0 1 0 0
1 1 0 0
2 1 0 0
3 1 0 0
4 1 0 0
5 1 0 0
6 1 0 0
7 1 0 0
8 1 0 0
9 1 0 0
10 0 38 9
11 0 97 3
12 1 3 3
13 1 11 8
14 0 46 5
15 0 28 1
16 1 10 6
17 0 28 39
18 1 7 4
19 1 16 2
20 1 18 8
21 1 11 2
22 0 78 3
23 0 50 9
24 0 74 2
25 0 62 0
26 0 29 35
27 1 5 8
28 0 65 0
29 0 67 5
30 0 58 12
31 0 52 27
32 0 38 21
33 0 43 13
34 0 83 21
35 1 10 12
36 1 15 18
37 0 33 27
38 1 21 19
39 1 19 16
40 22 540422944 13
41 38 15 10
42 31 17 17
43 64 13 26
44 29 33 26
45 62 14 25
46 57 28 26
47 93 23 34
48 58 30 27
49 66 32 10
50 76 12 20
51 73 29 12
52 55 19 33
53 33 23 37
54 43 24 33
55 52 11 31
56 78 29 22
57 83 38 34
58 43 33 33
59 0 38 0
60 0 0 0
61 0 0 0
62 0 0 0
63 0 0 0
64 0 0 0
65 0 0 0
66 0 0 0
67 0 0 0
68 0 0 0
69 0 0 0
70 0 0 0
71 0 0 0
72 0 0 0
73 0 0 0
74 0 0 0
75 0 0 0
76 0 0 0
77 0 0 0
78 0 0 0
79 0 0 0
80 0 0 0
81 0 0 0
82 0 0 0
83 0 0 0
84 0 0 0
85 0 0 0
86 0 0 0
87 0 0 0
88 0 0 0
89 0 0 0
90 0 0 0
91 0 0 0
92 0 0 0
93 0 0 0
94 0 0 0
95 0 0 0
96 0 0 0
97 0 0 0
98 0 0 0
99 0 0 0
find minimum at block 34 with dv 83
0 1 0 0
1 1 0 0
2 1 0 0
3 1 0 0
4 1 0 0
5 1 0 0
6 1 0 0
7 1 0 0
8 1 0 0
9 1 0 0
10 0 38 9
11 0 97 3
12 1 3 3
13 1 11 8
14 0 46 5
15 0 28 1
16 1 10 6
17 0 28 39
18 1 7 4
19 1 16 2
20 1 18 8
21 1 11 2
22 0 78 3
23 0 50 9
24 0 74 2
25 0 62 0
26 0 29 35
27 1 5 8
28 0 65 0
29 0 67 5
30 0 58 12
31 0 52 27
32 0 38 21
33 0 43 13
34 1 83 21
35 1 10 12
36 1 15 18
37 0 33 27
38 1 21 19
39 1 19 16
40 28 540422944 15
41 38 17 10
42 31 26 17
43 64 13 26
44 38 33 32
45 62 14 25
46 57 28 26
47 93 23 34
48 58 30 27
49 66 38 10
50 76 12 20
51 73 29 12
52 55 19 33
53 33 23 37
54 43 24 33
55 52 11 31
56 78 29 22
57 83 38 34
58 43 33 33
59 0 38 0
60 0 0 0
61 0 0 0
62 0 0 0
63 0 0 0
64 0 0 0
65 0 0 0
66 0 0 0
67 0 0 0
68 0 0 0
69 0 0 0
70 0 0 0
71 0 0 0
72 0 0 0
73 0 0 0
74 0 0 0
75 0 0 0
76 0 0 0
77 0 0 0
78 0 0 0
79 0 0 0
80 0 0 0
81 0 0 0
82 0 0 0
83 0 0 0
84 0 0 0
85 0 0 0
86 0 0 0
87 0 0 0
88 0 0 0
89 0 0 0
90 0 0 0
91 0 0 0
92 0 0 0
93 0 0 0
94 0 0 0
95 0 0 0
96 0 0 0
97 0 0 0
98 0 0 0
99 0 0 0
find minimum at block 15 with dv 28
0 1 0 0
1 1 0 0
2 1 0 0
3 1 0 0
4 1 0 0
5 1 0 0
6 1 0 0
7 1 0 0
8 1 0 0
9 1 0 0
10 0 38 9
11 0 97 3
12 1 3 3
13 1 11 8
14 0 46 5
15 1 28 1
16 1 10 6
17 0 28 39
18 1 7 4
19 1 16 2
20 1 18 8
21 1 11 2
22 0 78 3
23 0 50 9
24 0 74 2
25 0 62 0
26 0 29 35
27 1 5 8
28 0 65 0
29 0 67 5
30 0 58 12
31 0 43 15
32 0 38 21
33 0 43 13
34 1 83 21
35 1 10 12
36 1 15 18
37 0 33 27
38 1 21 19
39 1 19 16
40 28 540422944 17
41 38 26 10
42 31 32 17
43 64 13 26
44 66 31 10
45 62 14 25
46 57 28 26
47 93 23 34
48 58 33 27
49 78 38 22
50 76 12 20
51 73 29 12
52 55 19 33
53 33 23 37
54 43 24 33
55 52 11 31
56 58 29 30
57 83 38 34
58 43 33 33
59 0 38 0
60 0 0 0
61 0 0 0
62 0 0 0
63 0 0 0
64 0 0 0
65 0 0 0
66 0 0 0
67 0 0 0
68 0 0 0
69 0 0 0
70 0 0 0
71 0 0 0
72 0 0 0
73 0 0 0
74 0 0 0
75 0 0 0
76 0 0 0
77 0 0 0
78 0 0 0
79 0 0 0
80 0 0 0
81 0 0 0
82 0 0 0
83 0 0 0
84 0 0 0
85 0 0 0
86 0 0 0
87 0 0 0
88 0 0 0
89 0 0 0
90 0 0 0
91 0 0 0
92 0 0 0
93 0 0 0
94 0 0 0
95 0 0 0
96 0 0 0
97 0 0 0
98 0 0 0
99 0 0 0
find minimum at block 17 with dv 28
0 1 0 0
1 1 0 0
2 1 0 0
3 1 0 0
4 1 0 0
5 1 0 0
6 1 0 0
7 1 0 0
8 1 0 0
9 1 0 0
10 0 38 9
11 0 97 3
12 1 3 3
13 1 11 8
14 0 46 5
15 1 28 1
16 1 10 6
17 1 28 39
18 1 7 4
19 1 16 2
20 1 18 8
21 1 11 2
22 0 78 3
23 0 50 9
24 0 74 2
25 0 62 0
26 0 29 35
27 1 5 8
28 0 65 0
29 0 67 5
30 0 58 12
31 0 43 15
32 0 38 21
33 0 43 13
34 1 29 17
35 1 10 12
36 1 15 18
37 0 33 27
38 1 21 19
39 1 19 16
40 29 540422944 26
41 38 34 10
42 46 17 14
43 64 13 26
44 66 32 10
45 62 20 25
46 57 28 26
47 93 23 34
48 58 31 27
49 78 38 22
50 58 12 30
51 73 29 12
52 55 19 33
53 33 23 37
54 43 24 33
55 52 11 31
56 58 29 33
57 83 38 34
58 43 33 33
59 0 38 0
60 0 0 0
61 0 0 0
62 0 0 0
63 0 0 0
64 0 0 0
65 0 0 0
66 0 0 0
67 0 0 0
68 0 0 0
69 0 0 0
70 0 0 0
71 0 0 0
72 0 0 0
73 0 0 0
74 0 0 0
75 0 0 0
76 0 0 0
77 0 0 0
78 0 0 0
79 0 0 0
80 0 0 0
81 0 0 0
82 0 0 0
83 0 0 0
84 0 0 0
85 0 0 0
86 0 0 0
87 0 0 0
88 0 0 0
89 0 0 0
90 0 0 0
91 0 0 0
92 0 0 0
93 0 0 0
94 0 0 0
95 0 0 0
96 0 0 0
97 0 0 0
98 0 0 0
99 0 0 0
find minimum at block 26 with dv 29
0 1 0 0
1 1 0 0
2 1 0 0
3 1 0 0
4 1 0 0
5 1 0 0
6 1 0 0
7 1 0 0
8 1 0 0
9 1 0 0
10 0 38 9
11 0 97 3
12 1 3 3
13 1 11 8
14 0 46 5
15 1 28 1
16 1 10 6
17 1 28 39
18 1 7 4
19 1 16 2
20 1 18 8
21 1 11 2
22 0 78 3
23 0 50 9
24 0 74 2
25 0 62 0
26 1 29 35
27 1 5 8
28 0 65 0
29 0 67 5
30 0 58 12
31 0 43 15
32 0 38 21
33 0 43 13
34 1 29 17
35 1 10 12
36 1 15 18
37 0 33 27
38 1 21 19
39 1 19 16
40 29 540422944 34
41 38 17 10
42 46 32 14
43 64 13 26
44 66 31 10
45 62 20 25
46 57 28 26
47 93 23 34
48 58 33 27
49 78 38 22
50 58 12 30
51 73 29 12
52 55 19 33
53 33 23 37
54 43 24 33
55 52 11 31
56 58 29 33
57 83 38 34
58 43 33 33
59 0 38 0
60 0 0 0
61 0 0 0
62 0 0 0
63 0 0 0
64 0 0 0
65 0 0 0
66 0 0 0
67 0 0 0
68 0 0 0
69 0 0 0
70 0 0 0
71 0 0 0
72 0 0 0
73 0 0 0
74 0 0 0
75 0 0 0
76 0 0 0
77 0 0 0
78 0 0 0
79 0 0 0
80 0 0 0
81 0 0 0
82 0 0 0
83 0 0 0
84 0 0 0
85 0 0 0
86 0 0 0
87 0 0 0
88 0 0 0
89 0 0 0
90 0 0 0
91 0 0 0
92 0 0 0
93 0 0 0
94 0 0 0
95 0 0 0
96 0 0 0
97 0 0 0
98 0 0 0
99 0 0 0
find minimum at block 29 with dv 89
0 1 0 0
1 1 0 0
2 1 0 0
3 1 0 0
4 1 0 0
5 1 0 0
6 1 0 0
7 1 0 0
8 1 0 0
9 1 0 0
10 0 38 9
11 0 97 3
12 1 3 3
13 1 11 8
14 0 46 5
15 1 28 1
16 1 10 6
17 1 28 39
18 1 7 4
19 1 16 2
20 1 18 8
21 1 11 2
22 0 78 3
23 0 50 9
24 0 74 2
25 0 62 0
26 1 29 35
27 1 5 8
28 0 65 0
29 1 67 5
30 0 58 12
31 0 43 15
32 0 38 21
33 0 43 13
34 1 29 17
35 1 10 12
36 1 15 18
37 0 33 27
38 1 21 19
39 1 19 16
40 31 540422944 17
41 38 32 10
42 46 31 14
43 64 13 26
44 66 27 10
45 62 20 25
46 57 28 26
47 93 23 34
48 52 33 31
49 78 38 22
50 58 12 30
51 73 29 12
52 55 19 33
53 33 23 37
54 43 24 33
55 52 11 31
56 58 29 33
57 83 38 34
58 43 33 33
59 0 38 0
60 0 0 0
61 0 0 0
62 0 0 0
63 0 0 0
64 0 0 0
65 0 0 0
66 0 0 0
67 0 0 0
68 0 0 0
69 0 0 0
70 0 0 0
71 0 0 0
72 0 0 0
73 0 0 0
74 0 0 0
75 0 0 0
76 0 0 0
77 0 0 0
78 0 0 0
79 0 0 0
80 0 0 0
81 0 0 0
82 0 0 0
83 0 0 0
84 0 0 0
85 0 0 0
86 0 0 0
87 0 0 0
88 0 0 0
89 0 0 0
90 0 0 0
91 0 0 0
92 0 0 0
93 0 0 0
94 0 0 0
95 0 0 0
96 0 0 0
97 0 0 0
98 0 0 0
99 0 0 0
find minimum at block 11 with dv 97
0 1 0 0
1 1 0 0
2 1 0 0
3 1 0 0
4 1 0 0
5 1 0 0
6 1 0 0
7 1 0 0
8 1 0 0
9 1 0 0
10 0 38 9
11 1 97 3
12 1 3 3
13 1 11 8
14 0 46 5
15 1 28 1
16 1 10 6
17 1 28 39
18 1 7 4
19 1 16 2
20 1 18 8
21 1 11 2
22 0 78 3
23 0 50 9
24 0 74 2
25 0 62 0
26 1 29 35
27 1 5 8
28 0 65 0
29 1 67 5
30 0 58 12
31 0 43 15
32 0 38 21
33 0 43 13
34 1 29 17
35 1 10 12
36 1 15 18
37 0 33 27
38 1 21 19
39 1 19 16
40 38 540422944 10
41 49 32 13
42 46 31 14
43 64 26 26
44 66 27 10
45 62 20 25
46 33 28 37
47 93 23 34
48 52 33 31
49 78 38 22
50 58 12 30
51 73 29 12
52 55 19 33
53 43 23 33
54 43 24 33
55 52 11 31
56 58 29 33
57 83 38 34
58 43 33 33
59 0 38 0
60 0 0 0
61 0 0 0
62 0 0 0
63 0 0 0
64 0 0 0
65 0 0 0
66 0 0 0
67 0 0 0
68 0 0 0
69 0 0 0
70 0 0 0
71 0 0 0
72 0 0 0
73 0 0 0
74 0 0 0
75 0 0 0
76 0 0 0
77 0 0 0
78 0 0 0
79 0 0 0
80 0 0 0
81 0 0 0
82 0 0 0
83 0 0 0
84 0 0 0
85 0 0 0
86 0 0 0
87 0 0 0
88 0 0 0
89 0 0 0
90 0 0 0
91 0 0 0
92 0 0 0
93 0 0 0
94 0 0 0
95 0 0 0
96 0 0 0
97 0 0 0
98 0 0 0
99 0 0 0
find minimum at block 10 with dv 38
0 1 0 0
1 1 0 0
2 1 0 0
3 1 0 0
4 1 0 0
5 1 0 0
6 1 0 0
7 1 0 0
8 1 0 0
9 1 0 0
10 1 38 9
11 1 97 3
12 1 3 3
13 1 11 8
14 0 46 5
15 1 28 1
16 1 10 6
17 1 28 39
18 1 7 4
19 1 16 2
20 1 18 8
21 1 11 2
22 0 78 3
23 0 50 9
24 0 74 2
25 0 62 0
26 1 29 35
27 1 5 8
28 0 65 0
29 1 67 5
30 0 58 12
31 0 43 15
32 0 38 21
33 0 43 13
34 1 29 17
35 1 10 12
36 1 15 18
37 0 33 27
38 1 21 19
39 1 19 16
40 38 540422944 32
41 49 31 13
42 46 27 14
43 64 26 26
44 66 31 10
45 62 20 25
46 33 28 37
47 93 23 34
48 74 33 24
49 78 38 22
50 58 12 30
51 73 29 12
52 55 19 33
53 43 23 33
54 43 24 33
55 52 11 31
56 58 29 33
57 83 38 34
58 43 33 33
59 0 38 0
60 0 0 0
61 0 0 0
62 0 0 0
63 0 0 0
64 0 0 0
65 0 0 0
66 0 0 0
67 0 0 0
68 0 0 0
69 0 0 0
70 0 0 0
71 0 0 0
72 0 0 0
73 0 0 0
74 0 0 0
75 0 0 0
76 0 0 0
77 0 0 0
78 0 0 0
79 0 0 0
80 0 0 0
81 0 0 0
82 0 0 0
83 0 0 0
84 0 0 0
85 0 0 0
86 0 0 0
87 0 0 0
88 0 0 0
89 0 0 0
90 0 0 0
91 0 0 0
92 0 0 0
93 0 0 0
94 0 0 0
95 0 0 0
96 0 0 0
97 0 0 0
98 0 0 0
99 0 0 0
find minimum at block 32 with dv 38
0 1 0 0
1 1 0 0
2 1 0 0
3 1 0 0
4 1 0 0
5 1 0 0
6 1 0 0
7 1 0 0
8 1 0 0
9 1 0 0
10 1 38 9
11 1 97 3
12 1 3 3
13 1 11 8
14 0 46 5
15 1 28 1
16 1 10 6
17 1 28 39
18 1 7 4
19 1 16 2
20 1 18 8
21 1 11 2
22 0 78 3
23 0 50 9
24 0 74 2
25 0 62 0
26 1 29 35
27 1 5 8
28 0 65 0
29 1 67 5
30 0 58 12
31 0 43 15
32 1 38 21
33 0 43 13
34 1 29 17
35 1 10 12
36 1 15 18
37 0 33 27
38 1 21 19
39 1 19 16
40 43 540422944 31
41 49 14 13
42 62 27 25
43 64 26 26
44 66 31 10
45 67 20 29
46 33 28 37
47 93 23 34
48 74 33 24
49 78 38 22
50 58 12 30
51 73 33 12
52 55 19 33
53 43 23 33
54 43 24 33
55 52 11 31
56 58 29 33
57 83 38 34
58 43 33 33
59 0 38 0
60 0 0 0
61 0 0 0
62 0 0 0
63 0 0 0
64 0 0 0
65 0 0 0
66 0 0 0
67 0 0 0
68 0 0 0
69 0 0 0
70 0 0 0
71 0 0 0
72 0 0 0
73 0 0 0
74 0 0 0
75 0 0 0
76 0 0 0
77 0 0 0
78 0 0 0
79 0 0 0
80 0 0 0
81 0 0 0
82 0 0 0
83 0 0 0
84 0 0 0
85 0 0 0
86 0 0 0
87 0 0 0
88 0 0 0
89 0 0 0
90 0 0 0
91 0 0 0
92 0 0 0
93 0 0 0
94 0 0 0
95 0 0 0
96 0 0 0
97 0 0 0
98 0 0 0
99 0 0 0
find minimum at block 31 with dv 43
0 1 0 0
1 1 0 0
2 1 0 0
3 1 0 0
4 1 0 0
5 1 0 0
6 1 0 0
7 1 0 0
8 1 0 0
9 1 0 0
10 1 38 9
11 1 97 3
12 1 3 3
13 1 11 8
14 0 46 5
15 1 28 1
16 1 10 6
17 1 28 39
18 1 7 4
19 1 16 2
20 1 18 8
21 1 11 2
22 0 78 3
23 0 50 9
24 0 74 2
25 0 62 0
26 1 29 35
27 1 5 8
28 0 65 0
29 1 67 5
30 0 58 12
31 1 43 15
32 1 38 21
33 0 43 13
34 1 29 17
35 1 10 12
36 1 15 18
37 0 33 27
38 1 21 19
39 1 19 16
40 46 540422944 14
41 49 27 13
42 62 31 25
43 64 26 26
44 66 33 10
45 67 20 29
46 33 28 37
47 93 23 34
48 74 23 24
49 78 38 22
50 58 12 30
51 73 33 12
52 55 19 33
53 43 23 33
54 43 24 33
55 52 11 31
56 58 29 33
57 83 38 34
58 43 33 33
59 0 38 0
60 0 0 0
61 0 0 0
62 0 0 0
63 0 0 0
64 0 0 0
65 0 0 0
66 0 0 0
67 0 0 0
68 0 0 0
69 0 0 0
70 0 0 0
71 0 0 0
72 0 0 0
73 0 0 0
74 0 0 0
75 0 0 0
76 0 0 0
77 0 0 0
78 0 0 0
79 0 0 0
80 0 0 0
81 0 0 0
82 0 0 0
83 0 0 0
84 0 0 0
85 0 0 0
86 0 0 0
87 0 0 0
88 0 0 0
89 0 0 0
90 0 0 0
91 0 0 0
92 0 0 0
93 0 0 0
94 0 0 0
95 0 0 0
96 0 0 0
97 0 0 0
98 0 0 0
99 0 0 0
find minimum at block 14 with dv 46
0 1 0 0
1 1 0 0
2 1 0 0
3 1 0 0
4 1 0 0
5 1 0 0
6 1 0 0
7 1 0 0
8 1 0 0
9 1 0 0
10 1 38 9
11 1 97 3
12 1 3 3
13 1 11 8
14 1 46 5
15 1 28 1
16 1 10 6
17 1 28 39
18 1 7 4
19 1 16 2
20 1 18 8
21 1 11 2
22 0 78 3
23 0 50 9
24 0 74 2
25 0 62 0
26 1 29 35
27 1 5 8
28 0 65 0
29 1 67 5
30 0 58 12
31 1 43 15
32 1 38 21
33 0 43 13
34 1 29 17
35 1 10 12
36 1 15 18
37 0 33 27
38 1 21 19
39 1 19 16
40 49 540422944 13
41 57 27 26
42 62 31 25
43 64 37 26
44 66 33 10
45 67 20 29
46 55 28 33
47 93 23 34
48 74 23 24
49 78 38 22
50 58 12 30
51 73 33 12
52 55 19 33
53 43 23 33
54 43 24 33
55 52 11 31
56 58 29 33
57 83 38 34
58 43 33 33
59 0 38 0
60 0 0 0
61 0 0 0
62 0 0 0
63 0 0 0
64 0 0 0
65 0 0 0
66 0 0 0
67 0 0 0
68 0 0 0
69 0 0 0
70 0 0 0
71 0 0 0
72 0 0 0
73 0 0 0
74 0 0 0
75 0 0 0
76 0 0 0
77 0 0 0
78 0 0 0
79 0 0 0
80 0 0 0
81 0 0 0
82 0 0 0
83 0 0 0
84 0 0 0
85 0 0 0
86 0 0 0
87 0 0 0
88 0 0 0
89 0 0 0
90 0 0 0
91 0 0 0
92 0 0 0
93 0 0 0
94 0 0 0
95 0 0 0
96 0 0 0
97 0 0 0
98 0 0 0
99 0 0 0
find minimum at block 33 with dv 43
0 1 0 0
1 1 0 0
2 1 0 0
3 1 0 0
4 1 0 0
5 1 0 0
6 1 0 0
7 1 0 0
8 1 0 0
9 1 0 0
10 1 38 9
11 1 97 3
12 1 3 3
13 1 11 8
14 1 46 5
15 1 28 1
16 1 10 6
17 1 28 39
18 1 7 4
19 1 16 2
20 1 18 8
21 1 11 2
22 0 78 3
23 0 50 9
24 0 74 2
25 0 62 0
26 1 29 35
27 1 5 8
28 0 65 0
29 1 67 5
30 0 58 12
31 1 43 15
32 1 38 21
33 1 43 13
34 1 29 17
35 1 10 12
36 1 15 18
37 0 33 27
38 1 21 19
39 1 19 16
40 57 540422944 26
41 33 27 37
42 62 31 25
43 64 33 26
44 66 33 10
45 67 20 29
46 58 28 30
47 93 23 34
48 74 23 24
49 78 38 22
50 58 12 30
51 73 33 12
52 55 19 33
53 43 23 33
54 43 24 33
55 52 11 31
56 58 29 33
57 83 38 34
58 43 33 33
59 0 38 0
60 0 0 0
61 0 0 0
62 0 0 0
63 0 0 0
64 0 0 0
65 0 0 0
66 0 0 0
67 0 0 0
68 0 0 0
69 0 0 0
70 0 0 0
71 0 0 0
72 0 0 0
73 0 0 0
74 0 0 0
75 0 0 0
76 0 0 0
77 0 0 0
78 0 0 0
79 0 0 0
80 0 0 0
81 0 0 0
82 0 0 0
83 0 0 0
84 0 0 0
85 0 0 0
86 0 0 0
87 0 0 0
88 0 0 0
89 0 0 0
90 0 0 0
91 0 0 0
92 0 0 0
93 0 0 0
94 0 0 0
95 0 0 0
96 0 0 0
97 0 0 0
98 0 0 0
99 0 0 0
find minimum at block 22 with dv 78
0 1 0 0
1 1 0 0
2 1 0 0
3 1 0 0
4 1 0 0
5 1 0 0
6 1 0 0
7 1 0 0
8 1 0 0
9 1 0 0
10 1 38 9
11 1 97 3
12 1 3 3
13 1 11 8
14 1 46 5
15 1 28 1
16 1 10 6
17 1 28 39
18 1 7 4
19 1 16 2
20 1 18 8
21 1 11 2
22 1 78 3
23 0 50 9
24 0 74 2
25 0 62 0
26 1 29 35
27 1 5 8
28 0 65 0
29 1 67 5
30 0 58 12
31 1 43 15
32 1 38 21
33 1 43 13
34 1 29 17
35 1 10 12
36 1 15 18
37 0 33 27
38 1 21 19
39 1 19 16
40 33 540422944 37
41 55 27 33
42 62 31 25
43 64 30 26
44 66 33 10
45 67 20 29
46 103 28 38
47 93 23 34
48 74 23 24
49 78 38 22
50 58 12 30
51 73 33 12
52 55 19 33
53 43 23 33
54 43 24 33
55 52 11 31
56 58 29 33
57 83 38 34
58 43 33 33
59 0 38 0
60 0 0 0
61 0 0 0
62 0 0 0
63 0 0 0
64 0 0 0
65 0 0 0
66 0 0 0
67 0 0 0
68 0 0 0
69 0 0 0
70 0 0 0
71 0 0 0
72 0 0 0
73 0 0 0
74 0 0 0
75 0 0 0
76 0 0 0
77 0 0 0
78 0 0 0
79 0 0 0
80 0 0 0
81 0 0 0
82 0 0 0
83 0 0 0
84 0 0 0
85 0 0 0
86 0 0 0
87 0 0 0
88 0 0 0
89 0 0 0
90 0 0 0
91 0 0 0
92 0 0 0
93 0 0 0
94 0 0 0
95 0 0 0
96 0 0 0
97 0 0 0
98 0 0 0
99 0 0 0
find minimum at block 37 with dv 33
0 1 0 0
1 1 0 0
2 1 0 0
3 1 0 0
4 1 0 0
5 1 0 0
6 1 0 0
7 1 0 0
8 1 0 0
9 1 0 0
10 1 38 9
11 1 97 3
12 1 3 3
13 1 11 8
14 1 46 5
15 1 28 1
16 1 10 6
17 1 28 39
18 1 7 4
19 1 16 2
20 1 18 8
21 1 11 2
22 1 78 3
23 0 50 9
24 0 74 2
25 0 62 0
26 1 29 35
27 1 5 8
28 0 65 0
29 1 67 5
30 0 58 12
31 1 43 15
32 1 38 21
33 1 43 13
34 1 29 17
35 1 10 12
36 1 15 18
37 1 33 27
38 1 21 19
39 1 19 16
40 55 540422944 33
41 58 27 30
42 62 31 25
43 64 28 26
44 66 33 10
45 67 20 29
46 103 24 38
47 93 23 34
48 74 23 24
49 78 38 22
50 58 12 30
51 73 33 12
52 55 19 33
53 43 23 33
54 43 24 33
55 52 11 31
56 58 29 33
57 83 38 34
58 43 33 33
59 0 38 0
60 0 0 0
61 0 0 0
62 0 0 0
63 0 0 0
64 0 0 0
65 0 0 0
66 0 0 0
67 0 0 0
68 0 0 0
69 0 0 0
70 0 0 0
71 0 0 0
72 0 0 0
73 0 0 0
74 0 0 0
75 0 0 0
76 0 0 0
77 0 0 0
78 0 0 0
79 0 0 0
80 0 0 0
81 0 0 0
82 0 0 0
83 0 0 0
84 0 0 0
85 0 0 0
86 0 0 0
87 0 0 0
88 0 0 0
89 0 0 0
90 0 0 0
91 0 0 0
92 0 0 0
93 0 0 0
94 0 0 0
95 0 0 0
96 0 0 0
97 0 0 0
98 0 0 0
99 0 0 0
find minimum at block 23 with dv 87
0 1 0 0
1 1 0 0
2 1 0 0
3 1 0 0
4 1 0 0
5 1 0 0
6 1 0 0
7 1 0 0
8 1 0 0
9 1 0 0
10 1 38 9
11 1 97 3
12 1 3 3
13 1 11 8
14 1 46 5
15 1 28 1
16 1 10 6
17 1 28 39
18 1 7 4
19 1 16 2
20 1 18 8
21 1 11 2
22 1 78 3
23 1 50 9
24 0 74 2
25 0 62 0
26 1 29 35
27 1 5 8
28 0 65 0
29 1 67 5
30 0 58 12
31 1 43 15
32 1 38 21
33 1 43 13
34 1 29 17
35 1 10 12
36 1 15 18
37 1 33 27
38 1 21 19
39 1 19 16
40 58 540422944 30
41 64 27 26
42 62 31 25
43 50 28 23
44 66 33 10
45 67 20 29
46 103 24 38
47 93 34 34
48 74 23 24
49 78 38 22
50 58 12 30
51 73 33 12
52 55 19 33
53 43 23 33
54 43 24 33
55 52 11 31
56 58 29 33
57 83 38 34
58 43 33 33
59 0 38 0
60 0 0 0
61 0 0 0
62 0 0 0
63 0 0 0
64 0 0 0
65 0 0 0
66 0 0 0
67 0 0 0
68 0 0 0
69 0 0 0
70 0 0 0
71 0 0 0
72 0 0 0
73 0 0 0
74 0 0 0
75 0 0 0
76 0 0 0
77 0 0 0
78 0 0 0
79 0 0 0
80 0 0 0
81 0 0 0
82 0 0 0
83 0 0 0
84 0 0 0
85 0 0 0
86 0 0 0
87 0 0 0
88 0 0 0
89 0 0 0
90 0 0 0
91 0 0 0
92 0 0 0
93 0 0 0
94 0 0 0
95 0 0 0
96 0 0 0
97 0 0 0
98 0 0 0
99 0 0 0
find minimum at block 30 with dv 58
0 1 0 0
1 1 0 0
2 1 0 0
3 1 0 0
4 1 0 0
5 1 0 0
6 1 0 0
7 1 0 0
8 1 0 0
9 1 0 0
10 1 38 9
11 1 97 3
12 1 3 3
13 1 11 8
14 1 46 5
15 1 28 1
16 1 10 6
17 1 28 39
18 1 7 4
19 1 16 2
20 1 18 8
21 1 11 2
22 1 78 3
23 1 50 9
24 0 74 2
25 0 62 0
26 1 29 35
27 1 5 8
28 0 65 0
29 1 67 5
30 1 58 12
31 1 43 15
32 1 38 21
33 1 43 13
34 1 29 17
35 1 10 12
36 1 15 18
37 1 33 27
38 1 21 19
39 1 19 16
40 58 540422944 27
41 64 31 26
42 62 33 25
43 50 28 23
44 66 34 10
45 67 20 29
46 103 24 38
47 93 34 34
48 74 23 24
49 78 38 22
50 58 12 30
51 73 33 12
52 55 19 33
53 43 23 33
54 43 24 33
55 52 11 31
56 58 29 33
57 83 38 34
58 43 33 33
59 0 38 0
60 0 0 0
61 0 0 0
62 0 0 0
63 0 0 0
64 0 0 0
65 0 0 0
66 0 0 0
67 0 0 0
68 0 0 0
69 0 0 0
70 0 0 0
71 0 0 0
72 0 0 0
73 0 0 0
74 0 0 0
75 0 0 0
76 0 0 0
77 0 0 0
78 0 0 0
79 0 0 0
80 0 0 0
81 0 0 0
82 0 0 0
83 0 0 0
84 0 0 0
85 0 0 0
86 0 0 0
87 0 0 0
88 0 0 0
89 0 0 0
90 0 0 0
91 0 0 0
92 0 0 0
93 0 0 0
94 0 0 0
95 0 0 0
96 0 0 0
97 0 0 0
98 0 0 0
99 0 0 0
find minimum at block 24 with dv 74
0 1 0 0
1 1 0 0
2 1 0 0
3 1 0 0
4 1 0 0
5 1 0 0
6 1 0 0
7 1 0 0
8 1 0 0
9 1 0 0
10 1 38 9
11 1 97 3
12 1 3 3
13 1 11 8
14 1 46 5
15 1 28 1
16 1 10 6
17 1 28 39
18 1 7 4
19 1 16 2
20 1 18 8
21 1 11 2
22 1 78 3
23 1 50 9
24 1 74 2
25 0 62 0
26 1 29 35
27 1 5 8
28 0 65 0
29 1 67 5
30 1 58 12
31 1 43 15
32 1 38 21
33 1 43 13
34 1 29 17
35 1 10 12
36 1 15 18
37 1 33 27
38 1 21 19
39 1 19 16
40 52 540422944 31
41 64 33 26
42 62 10 25
43 50 28 23
44 67 34 29
45 67 20 29
46 103 24 38
47 93 34 34
48 74 23 24
49 78 38 22
50 58 12 30
51 73 33 12
52 55 19 33
53 43 23 33
54 43 24 33
55 52 11 31
56 58 29 33
57 83 38 34
58 43 33 33
59 0 38 0
60 0 0 0
61 0 0 0
62 0 0 0
63 0 0 0
64 0 0 0
65 0 0 0
66 0 0 0
67 0 0 0
68 0 0 0
69 0 0 0
70 0 0 0
71 0 0 0
72 0 0 0
73 0 0 0
74 0 0 0
75 0 0 0
76 0 0 0
77 0 0 0
78 0 0 0
79 0 0 0
80 0 0 0
81 0 0 0
82 0 0 0
83 0 0 0
84 0 0 0
85 0 0 0
86 0 0 0
87 0 0 0
88 0 0 0
89 0 0 0
90 0 0 0
91 0 0 0
92 0 0 0
93 0 0 0
94 0 0 0
95 0 0 0
96 0 0 0
97 0 0 0
98 0 0 0
99 0 0 0
find minimum at block 28 with dv 65
0 1 0 0
1 1 0 0
2 1 0 0
3 1 0 0
4 1 0 0
5 1 0 0
6 1 0 0
7 1 0 0
8 1 0 0
9 1 0 0
10 1 38 9
11 1 97 3
12 1 3 3
13 1 11 8
14 1 46 5
15 1 28 1
16 1 10 6
17 1 28 39
18 1 7 4
19 1 16 2
20 1 18 8
21 1 11 2
22 1 78 3
23 1 50 9
24 1 74 2
25 0 62 0
26 1 29 35
27 1 5 8
28 1 65 0
29 1 67 5
30 1 58 12
31 1 43 15
32 1 38 21
33 1 43 13
34 1 29 17
35 1 10 12
36 1 15 18
37 1 33 27
38 1 21 19
39 1 19 16
40 58 540422944 33
41 64 25 26
42 62 10 25
43 50 28 23
44 67 34 29
45 67 20 29
46 103 24 38
47 93 34 34
48 74 23 24
49 78 38 22
50 58 12 30
51 73 33 12
52 55 19 33
53 43 23 33
54 43 24 33
55 52 11 31
56 58 29 33
57 83 38 34
58 43 33 33
59 0 38 0
60 0 0 0
61 0 0 0
62 0 0 0
63 0 0 0
64 0 0 0
65 0 0 0
66 0 0 0
67 0 0 0
68 0 0 0
69 0 0 0
70 0 0 0
71 0 0 0
72 0 0 0
73 0 0 0
74 0 0 0
75 0 0 0
76 0 0 0
77 0 0 0
78 0 0 0
79 0 0 0
80 0 0 0
81 0 0 0
82 0 0 0
83 0 0 0
84 0 0 0
85 0 0 0
86 0 0 0
87 0 0 0
88 0 0 0
89 0 0 0
90 0 0 0
91 0 0 0
92 0 0 0
93 0 0 0
94 0 0 0
95 0 0 0
96 0 0 0
97 0 0 0
98 0 0 0
99 0 0 0
find minimum at block 25 with dv 62
0 1 0 0
1 1 0 0
2 1 0 0
3 1 0 0
4 1 0 0
5 1 0 0
6 1 0 0
7 1 0 0
8 1 0 0
9 1 0 0
10 1 38 9
11 1 97 3
12 1 3 3
13 1 11 8
14 1 46 5
15 1 28 1
16 1 10 6
17 1 28 39
18 1 7 4
19 1 16 2
20 1 18 8
21 1 11 2
22 1 78 3
23 1 50 9
24 1 74 2
25 1 62 0
26 1 29 35
27 1 5 8
28 1 65 0
29 1 67 5
30 1 58 12
31 1 43 15
32 1 38 21
33 1 43 13
34 1 29 17
35 1 10 12
36 1 15 18
37 1 33 27
38 1 21 19
39 1 19 16
40 62 540422944 25
41 64 25 26
42 62 10 25
43 50 28 23
44 67 34 29
45 67 20 29
46 103 24 38
47 93 34 34
48 74 23 24
49 78 38 22
50 58 12 30
51 73 33 12
52 55 19 33
53 43 23 33
54 43 24 33
55 52 11 31
56 58 29 33
57 83 38 34
58 43 33 33
59 0 38 0
60 0 0 0
61 0 0 0
62 0 0 0
63 0 0 0
64 0 0 0
65 0 0 0
66 0 0 0
67 0 0 0
68 0 0 0
69 0 0 0
70 0 0 0
71 0 0 0
72 0 0 0
73 0 0 0
74 0 0 0
75 0 0 0
76 0 0 0
77 0 0 0
78 0 0 0
79 0 0 0
80 0 0 0
81 0 0 0
82 0 0 0
83 0 0 0
84 0 0 0
85 0 0 0
86 0 0 0
87 0 0 0
88 0 0 0
89 0 0 0
90 0 0 0
91 0 0 0
92 0 0 0
93 0 0 0
94 0 0 0
95 0 0 0
96 0 0 0
97 0 0 0
98 0 0 0
99 0 0 0
find minimum at block 999999998 with dv 999999998
CPU: 0.009 Loss: 1052
